 # Date: Thu May  8 14:35:04 2025
 # Fr =   3.8312237712373753E-011
 # tau =  0.50000372448375252      , uO =   0.0000000000000000     
 # Iteration No.:            0
 # Lx =250    Ly =   5
 #      Results of the computations
 # x   y     h(i,j)      u(i,j)      v(i,j)
 #------------------------------------------
   1   1   34.200001    0.000000   -0.000000
   1   2   34.200001    0.000000   -0.000000
   1   3   34.200001    0.000000   -0.000000
   1   4   34.200001    0.000000   -0.000000
   1   5   34.200001    0.000000    0.000000
   2   1   34.200001    0.000000   -0.000000
   2   2   34.200001    0.000000   -0.000000
   2   3   34.200001    0.000000   -0.000000
   2   4   34.200001    0.000000   -0.000000
   2   5   34.200001    0.000000    0.000000
   3   1   34.200001    0.000000   -0.000000
   3   2   34.200001    0.000000   -0.000000
   3   3   34.200001    0.000000   -0.000000
   3   4   34.200001    0.000000   -0.000000
   3   5   34.200001    0.000000    0.000000
   4   1   34.200001    0.000000   -0.000000
   4   2   34.200001    0.000000   -0.000000
   4   3   34.200001    0.000000   -0.000000
   4   4   34.200001    0.000000   -0.000000
   4   5   34.200001    0.000000    0.000000
   5   1   34.200001    0.000000   -0.000000
   5   2   34.200001    0.000000   -0.000000
   5   3   34.200001    0.000000   -0.000000
   5   4   34.200001    0.000000   -0.000000
   5   5   34.200001    0.000000    0.000000
   6   1   34.200001    0.000000   -0.000000
   6   2   34.200001    0.000000   -0.000000
   6   3   34.200001    0.000000   -0.000000
   6   4   34.200001    0.000000   -0.000000
   6   5   34.200001    0.000000    0.000000
   7   1   34.200001    0.000000   -0.000000
   7   2   34.200001    0.000000   -0.000000
   7   3   34.200001    0.000000   -0.000000
   7   4   34.200001    0.000000   -0.000000
   7   5   34.200001    0.000000    0.000000
   8   1   34.200001    0.000000   -0.000000
   8   2   34.200001    0.000000   -0.000000
   8   3   34.200001    0.000000   -0.000000
   8   4   34.200001    0.000000   -0.000000
   8   5   34.200001    0.000000    0.000000
   9   1   34.200001    0.000000   -0.000000
   9   2   34.200001    0.000000   -0.000000
   9   3   34.200001    0.000000   -0.000000
   9   4   34.200001    0.000000   -0.000000
   9   5   34.200001    0.000000    0.000000
  10   1   34.200001    0.000000   -0.000000
  10   2   34.200001    0.000000   -0.000000
  10   3   34.200001    0.000000   -0.000000
  10   4   34.200001    0.000000   -0.000000
  10   5   34.200001    0.000000    0.000000
  11   1   34.200001    0.000000   -0.000000
  11   2   34.200001    0.000000   -0.000000
  11   3   34.200001    0.000000   -0.000000
  11   4   34.200001    0.000000   -0.000000
  11   5   34.200001    0.000000    0.000000
  12   1   34.200001    0.000000   -0.000000
  12   2   34.200001    0.000000   -0.000000
  12   3   34.200001    0.000000   -0.000000
  12   4   34.200001    0.000000   -0.000000
  12   5   34.200001    0.000000    0.000000
  13   1   34.200001    0.000000   -0.000000
  13   2   34.200001    0.000000   -0.000000
  13   3   34.200001    0.000000   -0.000000
  13   4   34.200001    0.000000   -0.000000
  13   5   34.200001    0.000000    0.000000
  14   1   34.200001    0.000000   -0.000000
  14   2   34.200001    0.000000   -0.000000
  14   3   34.200001    0.000000   -0.000000
  14   4   34.200001    0.000000   -0.000000
  14   5   34.200001    0.000000    0.000000
  15   1   34.200001    0.000000   -0.000000
  15   2   34.200001    0.000000   -0.000000
  15   3   34.200001    0.000000   -0.000000
  15   4   34.200001    0.000000   -0.000000
  15   5   34.200001    0.000000    0.000000
  16   1   34.200001    0.000000   -0.000000
  16   2   34.200001    0.000000   -0.000000
  16   3   34.200001    0.000000   -0.000000
  16   4   34.200001    0.000000   -0.000000
  16   5   34.200001    0.000000    0.000000
  17   1   34.200001    0.000000   -0.000000
  17   2   34.200001    0.000000   -0.000000
  17   3   34.200001    0.000000   -0.000000
  17   4   34.200001    0.000000   -0.000000
  17   5   34.200001    0.000000    0.000000
  18   1   34.200001    0.000000   -0.000000
  18   2   34.200001    0.000000   -0.000000
  18   3   34.200001    0.000000   -0.000000
  18   4   34.200001    0.000000   -0.000000
  18   5   34.200001    0.000000    0.000000
  19   1   34.200001    0.000000   -0.000000
  19   2   34.200001    0.000000   -0.000000
  19   3   34.200001    0.000000   -0.000000
  19   4   34.200001    0.000000   -0.000000
  19   5   34.200001    0.000000    0.000000
  20   1   34.200001    0.000000   -0.000000
  20   2   34.200001    0.000000   -0.000000
  20   3   34.200001    0.000000   -0.000000
  20   4   34.200001    0.000000   -0.000000
  20   5   34.200001    0.000000    0.000000
  21   1   34.200001    0.000000   -0.000000
  21   2   34.200001    0.000000   -0.000000
  21   3   34.200001    0.000000   -0.000000
  21   4   34.200001    0.000000   -0.000000
  21   5   34.200001    0.000000    0.000000
  22   1   34.200001    0.000000   -0.000000
  22   2   34.200001    0.000000   -0.000000
  22   3   34.200001    0.000000   -0.000000
  22   4   34.200001    0.000000   -0.000000
  22   5   34.200001    0.000000    0.000000
  23   1   34.200001    0.000000   -0.000000
  23   2   34.200001    0.000000   -0.000000
  23   3   34.200001    0.000000   -0.000000
  23   4   34.200001    0.000000   -0.000000
  23   5   34.200001    0.000000    0.000000
  24   1   34.200001    0.000000   -0.000000
  24   2   34.200001    0.000000   -0.000000
  24   3   34.200001    0.000000   -0.000000
  24   4   34.200001    0.000000   -0.000000
  24   5   34.200001    0.000000    0.000000
  25   1   34.200001    0.000000   -0.000000
  25   2   34.200001    0.000000   -0.000000
  25   3   34.200001    0.000000   -0.000000
  25   4   34.200001    0.000000   -0.000000
  25   5   34.200001    0.000000    0.000000
  26   1   34.200001    0.000000   -0.000000
  26   2   34.200001    0.000000   -0.000000
  26   3   34.200001    0.000000   -0.000000
  26   4   34.200001    0.000000   -0.000000
  26   5   34.200001    0.000000    0.000000
  27   1   34.200001    0.000000   -0.000000
  27   2   34.200001    0.000000   -0.000000
  27   3   34.200001    0.000000   -0.000000
  27   4   34.200001    0.000000   -0.000000
  27   5   34.200001    0.000000    0.000000
  28   1   34.200001    0.000000   -0.000000
  28   2   34.200001    0.000000   -0.000000
  28   3   34.200001    0.000000   -0.000000
  28   4   34.200001    0.000000   -0.000000
  28   5   34.200001    0.000000    0.000000
  29   1   34.200001    0.000000   -0.000000
  29   2   34.200001    0.000000   -0.000000
  29   3   34.200001    0.000000   -0.000000
  29   4   34.200001    0.000000   -0.000000
  29   5   34.200001    0.000000    0.000000
  30   1   34.200001    0.000000   -0.000000
  30   2   34.200001    0.000000   -0.000000
  30   3   34.200001    0.000000   -0.000000
  30   4   34.200001    0.000000   -0.000000
  30   5   34.200001    0.000000    0.000000
  31   1   34.200001    0.000000   -0.000000
  31   2   34.200001    0.000000   -0.000000
  31   3   34.200001    0.000000   -0.000000
  31   4   34.200001    0.000000   -0.000000
  31   5   34.200001    0.000000    0.000000
  32   1   34.200001    0.000000   -0.000000
  32   2   34.200001    0.000000   -0.000000
  32   3   34.200001    0.000000   -0.000000
  32   4   34.200001    0.000000   -0.000000
  32   5   34.200001    0.000000    0.000000
  33   1   34.200001    0.000000   -0.000000
  33   2   34.200001    0.000000   -0.000000
  33   3   34.200001    0.000000   -0.000000
  33   4   34.200001    0.000000   -0.000000
  33   5   34.200001    0.000000    0.000000
  34   1   34.200001    0.000000   -0.000000
  34   2   34.200001    0.000000   -0.000000
  34   3   34.200001    0.000000   -0.000000
  34   4   34.200001    0.000000   -0.000000
  34   5   34.200001    0.000000    0.000000
  35   1   34.200001    0.000000   -0.000000
  35   2   34.200001    0.000000   -0.000000
  35   3   34.200001    0.000000   -0.000000
  35   4   34.200001    0.000000   -0.000000
  35   5   34.200001    0.000000    0.000000
  36   1   34.200001    0.000000   -0.000000
  36   2   34.200001    0.000000   -0.000000
  36   3   34.200001    0.000000   -0.000000
  36   4   34.200001    0.000000   -0.000000
  36   5   34.200001    0.000000    0.000000
  37   1   34.200001    0.000000   -0.000000
  37   2   34.200001    0.000000   -0.000000
  37   3   34.200001    0.000000   -0.000000
  37   4   34.200001    0.000000   -0.000000
  37   5   34.200001    0.000000    0.000000
  38   1   34.200001    0.000000   -0.000000
  38   2   34.200001    0.000000   -0.000000
  38   3   34.200001    0.000000   -0.000000
  38   4   34.200001    0.000000   -0.000000
  38   5   34.200001    0.000000    0.000000
  39   1   34.200001    0.000000   -0.000000
  39   2   34.200001    0.000000   -0.000000
  39   3   34.200001    0.000000   -0.000000
  39   4   34.200001    0.000000   -0.000000
  39   5   34.200001    0.000000    0.000000
  40   1   34.200001    0.000000   -0.000000
  40   2   34.200001    0.000000   -0.000000
  40   3   34.200001    0.000000   -0.000000
  40   4   34.200001    0.000000   -0.000000
  40   5   34.200001    0.000000    0.000000
  41   1   34.200001    0.000000   -0.000000
  41   2   34.200001    0.000000   -0.000000
  41   3   34.200001    0.000000   -0.000000
  41   4   34.200001    0.000000   -0.000000
  41   5   34.200001    0.000000    0.000000
  42   1   34.200001    0.000000   -0.000000
  42   2   34.200001    0.000000   -0.000000
  42   3   34.200001    0.000000   -0.000000
  42   4   34.200001    0.000000   -0.000000
  42   5   34.200001    0.000000    0.000000
  43   1   34.200001    0.000000   -0.000000
  43   2   34.200001    0.000000   -0.000000
  43   3   34.200001    0.000000   -0.000000
  43   4   34.200001    0.000000   -0.000000
  43   5   34.200001    0.000000    0.000000
  44   1   34.200001    0.000000   -0.000000
  44   2   34.200001    0.000000   -0.000000
  44   3   34.200001    0.000000   -0.000000
  44   4   34.200001    0.000000   -0.000000
  44   5   34.200001    0.000000    0.000000
  45   1   34.200001    0.000000   -0.000000
  45   2   34.200001    0.000000   -0.000000
  45   3   34.200001    0.000000   -0.000000
  45   4   34.200001    0.000000   -0.000000
  45   5   34.200001    0.000000    0.000000
  46   1   34.200001    0.000000   -0.000000
  46   2   34.200001    0.000000   -0.000000
  46   3   34.200001    0.000000   -0.000000
  46   4   34.200001    0.000000   -0.000000
  46   5   34.200001    0.000000    0.000000
  47   1   34.200001    0.000000   -0.000000
  47   2   34.200001    0.000000   -0.000000
  47   3   34.200001    0.000000   -0.000000
  47   4   34.200001    0.000000   -0.000000
  47   5   34.200001    0.000000    0.000000
  48   1   34.200001    0.000000   -0.000000
  48   2   34.200001    0.000000   -0.000000
  48   3   34.200001    0.000000   -0.000000
  48   4   34.200001    0.000000   -0.000000
  48   5   34.200001    0.000000    0.000000
  49   1   34.200001    0.000000   -0.000000
  49   2   34.200001    0.000000   -0.000000
  49   3   34.200001    0.000000   -0.000000
  49   4   34.200001    0.000000   -0.000000
  49   5   34.200001    0.000000    0.000000
  50   1   34.200001    0.000000   -0.000000
  50   2   34.200001    0.000000   -0.000000
  50   3   34.200001    0.000000   -0.000000
  50   4   34.200001    0.000000   -0.000000
  50   5   34.200001    0.000000    0.000000
  51   1   34.200001    0.000000   -0.000000
  51   2   34.200001    0.000000   -0.000000
  51   3   34.200001    0.000000   -0.000000
  51   4   34.200001    0.000000   -0.000000
  51   5   34.200001    0.000000    0.000000
  52   1   34.200001    0.000000   -0.000000
  52   2   34.200001    0.000000   -0.000000
  52   3   34.200001    0.000000   -0.000000
  52   4   34.200001    0.000000   -0.000000
  52   5   34.200001    0.000000    0.000000
  53   1   34.200001    0.000000   -0.000000
  53   2   34.200001    0.000000   -0.000000
  53   3   34.200001    0.000000   -0.000000
  53   4   34.200001    0.000000   -0.000000
  53   5   34.200001    0.000000    0.000000
  54   1   34.200001    0.000000   -0.000000
  54   2   34.200001    0.000000   -0.000000
  54   3   34.200001    0.000000   -0.000000
  54   4   34.200001    0.000000   -0.000000
  54   5   34.200001    0.000000    0.000000
  55   1   34.200001    0.000000   -0.000000
  55   2   34.200001    0.000000   -0.000000
  55   3   34.200001    0.000000   -0.000000
  55   4   34.200001    0.000000   -0.000000
  55   5   34.200001    0.000000    0.000000
  56   1   34.200001    0.000000   -0.000000
  56   2   34.200001    0.000000   -0.000000
  56   3   34.200001    0.000000   -0.000000
  56   4   34.200001    0.000000   -0.000000
  56   5   34.200001    0.000000    0.000000
  57   1   34.200001    0.000000   -0.000000
  57   2   34.200001    0.000000   -0.000000
  57   3   34.200001    0.000000   -0.000000
  57   4   34.200001    0.000000   -0.000000
  57   5   34.200001    0.000000    0.000000
  58   1   34.200001    0.000000   -0.000000
  58   2   34.200001    0.000000   -0.000000
  58   3   34.200001    0.000000   -0.000000
  58   4   34.200001    0.000000   -0.000000
  58   5   34.200001    0.000000    0.000000
  59   1   34.200001    0.000000   -0.000000
  59   2   34.200001    0.000000   -0.000000
  59   3   34.200001    0.000000   -0.000000
  59   4   34.200001    0.000000   -0.000000
  59   5   34.200001    0.000000    0.000000
  60   1   34.200001    0.000000   -0.000000
  60   2   34.200001    0.000000   -0.000000
  60   3   34.200001    0.000000   -0.000000
  60   4   34.200001    0.000000   -0.000000
  60   5   34.200001    0.000000    0.000000
  61   1   34.200001    0.000000   -0.000000
  61   2   34.200001    0.000000   -0.000000
  61   3   34.200001    0.000000   -0.000000
  61   4   34.200001    0.000000   -0.000000
  61   5   34.200001    0.000000    0.000000
  62   1   34.200001    0.000000   -0.000000
  62   2   34.200001    0.000000   -0.000000
  62   3   34.200001    0.000000   -0.000000
  62   4   34.200001    0.000000   -0.000000
  62   5   34.200001    0.000000    0.000000
  63   1   34.200001    0.000000   -0.000000
  63   2   34.200001    0.000000   -0.000000
  63   3   34.200001    0.000000   -0.000000
  63   4   34.200001    0.000000   -0.000000
  63   5   34.200001    0.000000    0.000000
  64   1   34.200001    0.000000   -0.000000
  64   2   34.200001    0.000000   -0.000000
  64   3   34.200001    0.000000   -0.000000
  64   4   34.200001    0.000000   -0.000000
  64   5   34.200001    0.000000    0.000000
  65   1   34.200001    0.000000   -0.000000
  65   2   34.200001    0.000000   -0.000000
  65   3   34.200001    0.000000   -0.000000
  65   4   34.200001    0.000000   -0.000000
  65   5   34.200001    0.000000    0.000000
  66   1   34.200001    0.000000   -0.000000
  66   2   34.200001    0.000000   -0.000000
  66   3   34.200001    0.000000   -0.000000
  66   4   34.200001    0.000000   -0.000000
  66   5   34.200001    0.000000    0.000000
  67   1   34.200001    0.000000   -0.000000
  67   2   34.200001    0.000000   -0.000000
  67   3   34.200001    0.000000   -0.000000
  67   4   34.200001    0.000000   -0.000000
  67   5   34.200001    0.000000    0.000000
  68   1   34.200001    0.000000   -0.000000
  68   2   34.200001    0.000000   -0.000000
  68   3   34.200001    0.000000   -0.000000
  68   4   34.200001    0.000000   -0.000000
  68   5   34.200001    0.000000    0.000000
  69   1   34.200001    0.000000   -0.000000
  69   2   34.200001    0.000000   -0.000000
  69   3   34.200001    0.000000   -0.000000
  69   4   34.200001    0.000000   -0.000000
  69   5   34.200001    0.000000    0.000000
  70   1   34.200001    0.000000   -0.000000
  70   2   34.200001    0.000000   -0.000000
  70   3   34.200001    0.000000   -0.000000
  70   4   34.200001    0.000000   -0.000000
  70   5   34.200001    0.000000    0.000000
  71   1   34.200001    0.000000   -0.000000
  71   2   34.200001    0.000000   -0.000000
  71   3   34.200001    0.000000   -0.000000
  71   4   34.200001    0.000000   -0.000000
  71   5   34.200001    0.000000    0.000000
  72   1   34.200001    0.000000   -0.000000
  72   2   34.200001    0.000000   -0.000000
  72   3   34.200001    0.000000   -0.000000
  72   4   34.200001    0.000000   -0.000000
  72   5   34.200001    0.000000    0.000000
  73   1   34.200001    0.000000   -0.000000
  73   2   34.200001    0.000000   -0.000000
  73   3   34.200001    0.000000   -0.000000
  73   4   34.200001    0.000000   -0.000000
  73   5   34.200001    0.000000    0.000000
  74   1   34.200001    0.000000   -0.000000
  74   2   34.200001    0.000000   -0.000000
  74   3   34.200001    0.000000   -0.000000
  74   4   34.200001    0.000000   -0.000000
  74   5   34.200001    0.000000    0.000000
  75   1   34.200001    0.000000   -0.000000
  75   2   34.200001    0.000000   -0.000000
  75   3   34.200001    0.000000   -0.000000
  75   4   34.200001    0.000000   -0.000000
  75   5   34.200001    0.000000    0.000000
  76   1   34.200001    0.000000   -0.000000
  76   2   34.200001    0.000000   -0.000000
  76   3   34.200001    0.000000   -0.000000
  76   4   34.200001    0.000000   -0.000000
  76   5   34.200001    0.000000    0.000000
  77   1   34.200001    0.000000   -0.000000
  77   2   34.200001    0.000000   -0.000000
  77   3   34.200001    0.000000   -0.000000
  77   4   34.200001    0.000000   -0.000000
  77   5   34.200001    0.000000    0.000000
  78   1   34.200001    0.000000   -0.000000
  78   2   34.200001    0.000000   -0.000000
  78   3   34.200001    0.000000   -0.000000
  78   4   34.200001    0.000000   -0.000000
  78   5   34.200001    0.000000    0.000000
  79   1   34.200001    0.000000   -0.000000
  79   2   34.200001    0.000000   -0.000000
  79   3   34.200001    0.000000   -0.000000
  79   4   34.200001    0.000000   -0.000000
  79   5   34.200001    0.000000    0.000000
  80   1   34.200001    0.000000   -0.000000
  80   2   34.200001    0.000000   -0.000000
  80   3   34.200001    0.000000   -0.000000
  80   4   34.200001    0.000000   -0.000000
  80   5   34.200001    0.000000    0.000000
  81   1   34.200001    0.000000   -0.000000
  81   2   34.200001    0.000000   -0.000000
  81   3   34.200001    0.000000   -0.000000
  81   4   34.200001    0.000000   -0.000000
  81   5   34.200001    0.000000    0.000000
  82   1   34.200001    0.000000   -0.000000
  82   2   34.200001    0.000000   -0.000000
  82   3   34.200001    0.000000   -0.000000
  82   4   34.200001    0.000000   -0.000000
  82   5   34.200001    0.000000    0.000000
  83   1   34.200001    0.000000   -0.000000
  83   2   34.200001    0.000000   -0.000000
  83   3   34.200001    0.000000   -0.000000
  83   4   34.200001    0.000000   -0.000000
  83   5   34.200001    0.000000    0.000000
  84   1   34.200001    0.000000   -0.000000
  84   2   34.200001    0.000000   -0.000000
  84   3   34.200001    0.000000   -0.000000
  84   4   34.200001    0.000000   -0.000000
  84   5   34.200001    0.000000    0.000000
  85   1   34.200001    0.000000   -0.000000
  85   2   34.200001    0.000000   -0.000000
  85   3   34.200001    0.000000   -0.000000
  85   4   34.200001    0.000000   -0.000000
  85   5   34.200001    0.000000    0.000000
  86   1   34.200001    0.000000   -0.000000
  86   2   34.200001    0.000000   -0.000000
  86   3   34.200001    0.000000   -0.000000
  86   4   34.200001    0.000000   -0.000000
  86   5   34.200001    0.000000    0.000000
  87   1   34.200001    0.000000   -0.000000
  87   2   34.200001    0.000000   -0.000000
  87   3   34.200001    0.000000   -0.000000
  87   4   34.200001    0.000000   -0.000000
  87   5   34.200001    0.000000    0.000000
  88   1   34.200001    0.000000   -0.000000
  88   2   34.200001    0.000000   -0.000000
  88   3   34.200001    0.000000   -0.000000
  88   4   34.200001    0.000000   -0.000000
  88   5   34.200001    0.000000    0.000000
  89   1   34.200001    0.000000   -0.000000
  89   2   34.200001    0.000000   -0.000000
  89   3   34.200001    0.000000   -0.000000
  89   4   34.200001    0.000000   -0.000000
  89   5   34.200001    0.000000    0.000000
  90   1   34.200001    0.000000   -0.000000
  90   2   34.200001    0.000000   -0.000000
  90   3   34.200001    0.000000   -0.000000
  90   4   34.200001    0.000000   -0.000000
  90   5   34.200001    0.000000    0.000000
  91   1   34.200001    0.000000   -0.000000
  91   2   34.200001    0.000000   -0.000000
  91   3   34.200001    0.000000   -0.000000
  91   4   34.200001    0.000000   -0.000000
  91   5   34.200001    0.000000    0.000000
  92   1   34.200001    0.000000   -0.000000
  92   2   34.200001    0.000000   -0.000000
  92   3   34.200001    0.000000   -0.000000
  92   4   34.200001    0.000000   -0.000000
  92   5   34.200001    0.000000    0.000000
  93   1   34.200001    0.000000   -0.000000
  93   2   34.200001    0.000000   -0.000000
  93   3   34.200001    0.000000   -0.000000
  93   4   34.200001    0.000000   -0.000000
  93   5   34.200001    0.000000    0.000000
  94   1   34.200001    0.000000   -0.000000
  94   2   34.200001    0.000000   -0.000000
  94   3   34.200001    0.000000   -0.000000
  94   4   34.200001    0.000000   -0.000000
  94   5   34.200001    0.000000    0.000000
  95   1   34.200001    0.000000   -0.000000
  95   2   34.200001    0.000000   -0.000000
  95   3   34.200001    0.000000   -0.000000
  95   4   34.200001    0.000000   -0.000000
  95   5   34.200001    0.000000    0.000000
  96   1   34.200001    0.000000   -0.000000
  96   2   34.200001    0.000000   -0.000000
  96   3   34.200001    0.000000   -0.000000
  96   4   34.200001    0.000000   -0.000000
  96   5   34.200001    0.000000    0.000000
  97   1   34.200001    0.000000   -0.000000
  97   2   34.200001    0.000000   -0.000000
  97   3   34.200001    0.000000   -0.000000
  97   4   34.200001    0.000000   -0.000000
  97   5   34.200001    0.000000    0.000000
  98   1   34.200001    0.000000   -0.000000
  98   2   34.200001    0.000000   -0.000000
  98   3   34.200001    0.000000   -0.000000
  98   4   34.200001    0.000000   -0.000000
  98   5   34.200001    0.000000    0.000000
  99   1   34.200001    0.000000   -0.000000
  99   2   34.200001    0.000000   -0.000000
  99   3   34.200001    0.000000   -0.000000
  99   4   34.200001    0.000000   -0.000000
  99   5   34.200001    0.000000    0.000000
 100   1   34.200001    0.000000   -0.000000
 100   2   34.200001    0.000000   -0.000000
 100   3   34.200001    0.000000   -0.000000
 100   4   34.200001    0.000000   -0.000000
 100   5   34.200001    0.000000    0.000000
 101   1   34.200001    0.000000   -0.000000
 101   2   34.200001    0.000000   -0.000000
 101   3   34.200001    0.000000   -0.000000
 101   4   34.200001    0.000000   -0.000000
 101   5   34.200001    0.000000    0.000000
 102   1   34.200001    0.000000   -0.000000
 102   2   34.200001    0.000000   -0.000000
 102   3   34.200001    0.000000   -0.000000
 102   4   34.200001    0.000000   -0.000000
 102   5   34.200001    0.000000    0.000000
 103   1   34.200001    0.000000   -0.000000
 103   2   34.200001    0.000000   -0.000000
 103   3   34.200001    0.000000   -0.000000
 103   4   34.200001    0.000000   -0.000000
 103   5   34.200001    0.000000    0.000000
 104   1   34.200001    0.000000   -0.000000
 104   2   34.200001    0.000000   -0.000000
 104   3   34.200001    0.000000   -0.000000
 104   4   34.200001    0.000000   -0.000000
 104   5   34.200001    0.000000    0.000000
 105   1   34.200001    0.000000   -0.000000
 105   2   34.200001    0.000000   -0.000000
 105   3   34.200001    0.000000   -0.000000
 105   4   34.200001    0.000000   -0.000000
 105   5   34.200001    0.000000    0.000000
 106   1   34.200001    0.000000   -0.000000
 106   2   34.200001    0.000000   -0.000000
 106   3   34.200001    0.000000   -0.000000
 106   4   34.200001    0.000000   -0.000000
 106   5   34.200001    0.000000    0.000000
 107   1   34.200001    0.000000   -0.000000
 107   2   34.200001    0.000000   -0.000000
 107   3   34.200001    0.000000   -0.000000
 107   4   34.200001    0.000000   -0.000000
 107   5   34.200001    0.000000    0.000000
 108   1   34.200001    0.000000   -0.000000
 108   2   34.200001    0.000000   -0.000000
 108   3   34.200001    0.000000   -0.000000
 108   4   34.200001    0.000000   -0.000000
 108   5   34.200001    0.000000    0.000000
 109   1   34.200001    0.000000   -0.000000
 109   2   34.200001    0.000000   -0.000000
 109   3   34.200001    0.000000   -0.000000
 109   4   34.200001    0.000000   -0.000000
 109   5   34.200001    0.000000    0.000000
 110   1   34.200001    0.000000   -0.000000
 110   2   34.200001    0.000000   -0.000000
 110   3   34.200001    0.000000   -0.000000
 110   4   34.200001    0.000000   -0.000000
 110   5   34.200001    0.000000    0.000000
 111   1   34.200001    0.000000   -0.000000
 111   2   34.200001    0.000000   -0.000000
 111   3   34.200001    0.000000   -0.000000
 111   4   34.200001    0.000000   -0.000000
 111   5   34.200001    0.000000    0.000000
 112   1   34.200001    0.000000   -0.000000
 112   2   34.200001    0.000000   -0.000000
 112   3   34.200001    0.000000   -0.000000
 112   4   34.200001    0.000000   -0.000000
 112   5   34.200001    0.000000    0.000000
 113   1   34.200001    0.000000   -0.000000
 113   2   34.200001    0.000000   -0.000000
 113   3   34.200001    0.000000   -0.000000
 113   4   34.200001    0.000000   -0.000000
 113   5   34.200001    0.000000    0.000000
 114   1   34.200001    0.000000   -0.000000
 114   2   34.200001    0.000000   -0.000000
 114   3   34.200001    0.000000   -0.000000
 114   4   34.200001    0.000000   -0.000000
 114   5   34.200001    0.000000    0.000000
 115   1   34.200001    0.000000   -0.000000
 115   2   34.200001    0.000000   -0.000000
 115   3   34.200001    0.000000   -0.000000
 115   4   34.200001    0.000000   -0.000000
 115   5   34.200001    0.000000    0.000000
 116   1   34.200001    0.000000   -0.000000
 116   2   34.200001    0.000000   -0.000000
 116   3   34.200001    0.000000   -0.000000
 116   4   34.200001    0.000000   -0.000000
 116   5   34.200001    0.000000    0.000000
 117   1   34.200001    0.000000   -0.000000
 117   2   34.200001    0.000000   -0.000000
 117   3   34.200001    0.000000   -0.000000
 117   4   34.200001    0.000000   -0.000000
 117   5   34.200001    0.000000    0.000000
 118   1   34.200001    0.000000   -0.000000
 118   2   34.200001    0.000000   -0.000000
 118   3   34.200001    0.000000   -0.000000
 118   4   34.200001    0.000000   -0.000000
 118   5   34.200001    0.000000    0.000000
 119   1   34.200001    0.000000   -0.000000
 119   2   34.200001    0.000000   -0.000000
 119   3   34.200001    0.000000   -0.000000
 119   4   34.200001    0.000000   -0.000000
 119   5   34.200001    0.000000    0.000000
 120   1   34.200001    0.000000   -0.000000
 120   2   34.200001    0.000000   -0.000000
 120   3   34.200001    0.000000   -0.000000
 120   4   34.200001    0.000000   -0.000000
 120   5   34.200001    0.000000    0.000000
 121   1   34.200001    0.000000   -0.000000
 121   2   34.200001    0.000000   -0.000000
 121   3   34.200001    0.000000   -0.000000
 121   4   34.200001    0.000000   -0.000000
 121   5   34.200001    0.000000    0.000000
 122   1   34.200001    0.000000   -0.000000
 122   2   34.200001    0.000000   -0.000000
 122   3   34.200001    0.000000   -0.000000
 122   4   34.200001    0.000000   -0.000000
 122   5   34.200001    0.000000    0.000000
 123   1   34.200001    0.000000   -0.000000
 123   2   34.200001    0.000000   -0.000000
 123   3   34.200001    0.000000   -0.000000
 123   4   34.200001    0.000000   -0.000000
 123   5   34.200001    0.000000    0.000000
 124   1   34.200001    0.000000   -0.000000
 124   2   34.200001    0.000000   -0.000000
 124   3   34.200001    0.000000   -0.000000
 124   4   34.200001    0.000000   -0.000000
 124   5   34.200001    0.000000    0.000000
 125   1   34.200001    0.000000   -0.000000
 125   2   34.200001    0.000000   -0.000000
 125   3   34.200001    0.000000   -0.000000
 125   4   34.200001    0.000000   -0.000000
 125   5   34.200001    0.000000    0.000000
 126   1   34.200001    0.000000   -0.000000
 126   2   34.200001    0.000000   -0.000000
 126   3   34.200001    0.000000   -0.000000
 126   4   34.200001    0.000000   -0.000000
 126   5   34.200001    0.000000    0.000000
 127   1   34.200001    0.000000   -0.000000
 127   2   34.200001    0.000000   -0.000000
 127   3   34.200001    0.000000   -0.000000
 127   4   34.200001    0.000000   -0.000000
 127   5   34.200001    0.000000    0.000000
 128   1   34.200001    0.000000   -0.000000
 128   2   34.200001    0.000000   -0.000000
 128   3   34.200001    0.000000   -0.000000
 128   4   34.200001    0.000000   -0.000000
 128   5   34.200001    0.000000    0.000000
 129   1   34.200001    0.000000   -0.000000
 129   2   34.200001    0.000000   -0.000000
 129   3   34.200001    0.000000   -0.000000
 129   4   34.200001    0.000000   -0.000000
 129   5   34.200001    0.000000    0.000000
 130   1   34.200001    0.000000   -0.000000
 130   2   34.200001    0.000000   -0.000000
 130   3   34.200001    0.000000   -0.000000
 130   4   34.200001    0.000000   -0.000000
 130   5   34.200001    0.000000    0.000000
 131   1   34.200001    0.000000   -0.000000
 131   2   34.200001    0.000000   -0.000000
 131   3   34.200001    0.000000   -0.000000
 131   4   34.200001    0.000000   -0.000000
 131   5   34.200001    0.000000    0.000000
 132   1   34.200001    0.000000   -0.000000
 132   2   34.200001    0.000000   -0.000000
 132   3   34.200001    0.000000   -0.000000
 132   4   34.200001    0.000000   -0.000000
 132   5   34.200001    0.000000    0.000000
 133   1   34.200001    0.000000   -0.000000
 133   2   34.200001    0.000000   -0.000000
 133   3   34.200001    0.000000   -0.000000
 133   4   34.200001    0.000000   -0.000000
 133   5   34.200001    0.000000    0.000000
 134   1   34.200001    0.000000   -0.000000
 134   2   34.200001    0.000000   -0.000000
 134   3   34.200001    0.000000   -0.000000
 134   4   34.200001    0.000000   -0.000000
 134   5   34.200001    0.000000    0.000000
 135   1   34.200001    0.000000   -0.000000
 135   2   34.200001    0.000000   -0.000000
 135   3   34.200001    0.000000   -0.000000
 135   4   34.200001    0.000000   -0.000000
 135   5   34.200001    0.000000    0.000000
 136   1   34.200001    0.000000   -0.000000
 136   2   34.200001    0.000000   -0.000000
 136   3   34.200001    0.000000   -0.000000
 136   4   34.200001    0.000000   -0.000000
 136   5   34.200001    0.000000    0.000000
 137   1   34.200001    0.000000   -0.000000
 137   2   34.200001    0.000000   -0.000000
 137   3   34.200001    0.000000   -0.000000
 137   4   34.200001    0.000000   -0.000000
 137   5   34.200001    0.000000    0.000000
 138   1   34.200001    0.000000   -0.000000
 138   2   34.200001    0.000000   -0.000000
 138   3   34.200001    0.000000   -0.000000
 138   4   34.200001    0.000000   -0.000000
 138   5   34.200001    0.000000    0.000000
 139   1   34.200001    0.000000   -0.000000
 139   2   34.200001    0.000000   -0.000000
 139   3   34.200001    0.000000   -0.000000
 139   4   34.200001    0.000000   -0.000000
 139   5   34.200001    0.000000    0.000000
 140   1   34.200001    0.000000   -0.000000
 140   2   34.200001    0.000000   -0.000000
 140   3   34.200001    0.000000   -0.000000
 140   4   34.200001    0.000000   -0.000000
 140   5   34.200001    0.000000    0.000000
 141   1   34.200001    0.000000   -0.000000
 141   2   34.200001    0.000000   -0.000000
 141   3   34.200001    0.000000   -0.000000
 141   4   34.200001    0.000000   -0.000000
 141   5   34.200001    0.000000    0.000000
 142   1   34.200001    0.000000   -0.000000
 142   2   34.200001    0.000000   -0.000000
 142   3   34.200001    0.000000   -0.000000
 142   4   34.200001    0.000000   -0.000000
 142   5   34.200001    0.000000    0.000000
 143   1   34.200001    0.000000   -0.000000
 143   2   34.200001    0.000000   -0.000000
 143   3   34.200001    0.000000   -0.000000
 143   4   34.200001    0.000000   -0.000000
 143   5   34.200001    0.000000    0.000000
 144   1   34.200001    0.000000   -0.000000
 144   2   34.200001    0.000000   -0.000000
 144   3   34.200001    0.000000   -0.000000
 144   4   34.200001    0.000000   -0.000000
 144   5   34.200001    0.000000    0.000000
 145   1   34.200001    0.000000   -0.000000
 145   2   34.200001    0.000000   -0.000000
 145   3   34.200001    0.000000   -0.000000
 145   4   34.200001    0.000000   -0.000000
 145   5   34.200001    0.000000    0.000000
 146   1   34.200001    0.000000   -0.000000
 146   2   34.200001    0.000000   -0.000000
 146   3   34.200001    0.000000   -0.000000
 146   4   34.200001    0.000000   -0.000000
 146   5   34.200001    0.000000    0.000000
 147   1   34.200001    0.000000   -0.000000
 147   2   34.200001    0.000000   -0.000000
 147   3   34.200001    0.000000   -0.000000
 147   4   34.200001    0.000000   -0.000000
 147   5   34.200001    0.000000    0.000000
 148   1   34.200001    0.000000   -0.000000
 148   2   34.200001    0.000000   -0.000000
 148   3   34.200001    0.000000   -0.000000
 148   4   34.200001    0.000000   -0.000000
 148   5   34.200001    0.000000    0.000000
 149   1   34.200001    0.000000   -0.000000
 149   2   34.200001    0.000000   -0.000000
 149   3   34.200001    0.000000   -0.000000
 149   4   34.200001    0.000000   -0.000000
 149   5   34.200001    0.000000    0.000000
 150   1   34.200001    0.000000   -0.000000
 150   2   34.200001    0.000000   -0.000000
 150   3   34.200001    0.000000   -0.000000
 150   4   34.200001    0.000000   -0.000000
 150   5   34.200001    0.000000    0.000000
 151   1   34.200001    0.000000   -0.000000
 151   2   34.200001    0.000000   -0.000000
 151   3   34.200001    0.000000   -0.000000
 151   4   34.200001    0.000000   -0.000000
 151   5   34.200001    0.000000    0.000000
 152   1   34.200001    0.000000   -0.000000
 152   2   34.200001    0.000000   -0.000000
 152   3   34.200001    0.000000   -0.000000
 152   4   34.200001    0.000000   -0.000000
 152   5   34.200001    0.000000    0.000000
 153   1   34.200001    0.000000   -0.000000
 153   2   34.200001    0.000000   -0.000000
 153   3   34.200001    0.000000   -0.000000
 153   4   34.200001    0.000000   -0.000000
 153   5   34.200001    0.000000    0.000000
 154   1   34.200001    0.000000   -0.000000
 154   2   34.200001    0.000000   -0.000000
 154   3   34.200001    0.000000   -0.000000
 154   4   34.200001    0.000000   -0.000000
 154   5   34.200001    0.000000    0.000000
 155   1   34.200001    0.000000   -0.000000
 155   2   34.200001    0.000000   -0.000000
 155   3   34.200001    0.000000   -0.000000
 155   4   34.200001    0.000000   -0.000000
 155   5   34.200001    0.000000    0.000000
 156   1   34.200001    0.000000   -0.000000
 156   2   34.200001    0.000000   -0.000000
 156   3   34.200001    0.000000   -0.000000
 156   4   34.200001    0.000000   -0.000000
 156   5   34.200001    0.000000    0.000000
 157   1   34.200001    0.000000   -0.000000
 157   2   34.200001    0.000000   -0.000000
 157   3   34.200001    0.000000   -0.000000
 157   4   34.200001    0.000000   -0.000000
 157   5   34.200001    0.000000    0.000000
 158   1   34.200001    0.000000   -0.000000
 158   2   34.200001    0.000000   -0.000000
 158   3   34.200001    0.000000   -0.000000
 158   4   34.200001    0.000000   -0.000000
 158   5   34.200001    0.000000    0.000000
 159   1   34.200001    0.000000   -0.000000
 159   2   34.200001    0.000000   -0.000000
 159   3   34.200001    0.000000   -0.000000
 159   4   34.200001    0.000000   -0.000000
 159   5   34.200001    0.000000    0.000000
 160   1   34.200001    0.000000   -0.000000
 160   2   34.200001    0.000000   -0.000000
 160   3   34.200001    0.000000   -0.000000
 160   4   34.200001    0.000000   -0.000000
 160   5   34.200001    0.000000    0.000000
 161   1   34.200001    0.000000   -0.000000
 161   2   34.200001    0.000000   -0.000000
 161   3   34.200001    0.000000   -0.000000
 161   4   34.200001    0.000000   -0.000000
 161   5   34.200001    0.000000    0.000000
 162   1   34.200001    0.000000   -0.000000
 162   2   34.200001    0.000000   -0.000000
 162   3   34.200001    0.000000   -0.000000
 162   4   34.200001    0.000000   -0.000000
 162   5   34.200001    0.000000    0.000000
 163   1   34.200001    0.000000   -0.000000
 163   2   34.200001    0.000000   -0.000000
 163   3   34.200001    0.000000   -0.000000
 163   4   34.200001    0.000000   -0.000000
 163   5   34.200001    0.000000    0.000000
 164   1   34.200001    0.000000   -0.000000
 164   2   34.200001    0.000000   -0.000000
 164   3   34.200001    0.000000   -0.000000
 164   4   34.200001    0.000000   -0.000000
 164   5   34.200001    0.000000    0.000000
 165   1   34.200001    0.000000   -0.000000
 165   2   34.200001    0.000000   -0.000000
 165   3   34.200001    0.000000   -0.000000
 165   4   34.200001    0.000000   -0.000000
 165   5   34.200001    0.000000    0.000000
 166   1   34.200001    0.000000   -0.000000
 166   2   34.200001    0.000000   -0.000000
 166   3   34.200001    0.000000   -0.000000
 166   4   34.200001    0.000000   -0.000000
 166   5   34.200001    0.000000    0.000000
 167   1   34.200001    0.000000   -0.000000
 167   2   34.200001    0.000000   -0.000000
 167   3   34.200001    0.000000   -0.000000
 167   4   34.200001    0.000000   -0.000000
 167   5   34.200001    0.000000    0.000000
 168   1   34.200001    0.000000   -0.000000
 168   2   34.200001    0.000000   -0.000000
 168   3   34.200001    0.000000   -0.000000
 168   4   34.200001    0.000000   -0.000000
 168   5   34.200001    0.000000    0.000000
 169   1   34.200001    0.000000   -0.000000
 169   2   34.200001    0.000000   -0.000000
 169   3   34.200001    0.000000   -0.000000
 169   4   34.200001    0.000000   -0.000000
 169   5   34.200001    0.000000    0.000000
 170   1   34.200001    0.000000   -0.000000
 170   2   34.200001    0.000000   -0.000000
 170   3   34.200001    0.000000   -0.000000
 170   4   34.200001    0.000000   -0.000000
 170   5   34.200001    0.000000    0.000000
 171   1   34.200001    0.000000   -0.000000
 171   2   34.200001    0.000000   -0.000000
 171   3   34.200001    0.000000   -0.000000
 171   4   34.200001    0.000000   -0.000000
 171   5   34.200001    0.000000    0.000000
 172   1   34.200001    0.000000   -0.000000
 172   2   34.200001    0.000000   -0.000000
 172   3   34.200001    0.000000   -0.000000
 172   4   34.200001    0.000000   -0.000000
 172   5   34.200001    0.000000    0.000000
 173   1   34.200001    0.000000   -0.000000
 173   2   34.200001    0.000000   -0.000000
 173   3   34.200001    0.000000   -0.000000
 173   4   34.200001    0.000000   -0.000000
 173   5   34.200001    0.000000    0.000000
 174   1   34.200001    0.000000   -0.000000
 174   2   34.200001    0.000000   -0.000000
 174   3   34.200001    0.000000   -0.000000
 174   4   34.200001    0.000000   -0.000000
 174   5   34.200001    0.000000    0.000000
 175   1   34.200001    0.000000   -0.000000
 175   2   34.200001    0.000000   -0.000000
 175   3   34.200001    0.000000   -0.000000
 175   4   34.200001    0.000000   -0.000000
 175   5   34.200001    0.000000    0.000000
 176   1   34.200001    0.000000   -0.000000
 176   2   34.200001    0.000000   -0.000000
 176   3   34.200001    0.000000   -0.000000
 176   4   34.200001    0.000000   -0.000000
 176   5   34.200001    0.000000    0.000000
 177   1   34.200001    0.000000   -0.000000
 177   2   34.200001    0.000000   -0.000000
 177   3   34.200001    0.000000   -0.000000
 177   4   34.200001    0.000000   -0.000000
 177   5   34.200001    0.000000    0.000000
 178   1   34.200001    0.000000   -0.000000
 178   2   34.200001    0.000000   -0.000000
 178   3   34.200001    0.000000   -0.000000
 178   4   34.200001    0.000000   -0.000000
 178   5   34.200001    0.000000    0.000000
 179   1   34.200001    0.000000   -0.000000
 179   2   34.200001    0.000000   -0.000000
 179   3   34.200001    0.000000   -0.000000
 179   4   34.200001    0.000000   -0.000000
 179   5   34.200001    0.000000    0.000000
 180   1   34.200001    0.000000   -0.000000
 180   2   34.200001    0.000000   -0.000000
 180   3   34.200001    0.000000   -0.000000
 180   4   34.200001    0.000000   -0.000000
 180   5   34.200001    0.000000    0.000000
 181   1   34.200001    0.000000   -0.000000
 181   2   34.200001    0.000000   -0.000000
 181   3   34.200001    0.000000   -0.000000
 181   4   34.200001    0.000000   -0.000000
 181   5   34.200001    0.000000    0.000000
 182   1   34.200001    0.000000   -0.000000
 182   2   34.200001    0.000000   -0.000000
 182   3   34.200001    0.000000   -0.000000
 182   4   34.200001    0.000000   -0.000000
 182   5   34.200001    0.000000    0.000000
 183   1   34.200001    0.000000   -0.000000
 183   2   34.200001    0.000000   -0.000000
 183   3   34.200001    0.000000   -0.000000
 183   4   34.200001    0.000000   -0.000000
 183   5   34.200001    0.000000    0.000000
 184   1   34.200001    0.000000   -0.000000
 184   2   34.200001    0.000000   -0.000000
 184   3   34.200001    0.000000   -0.000000
 184   4   34.200001    0.000000   -0.000000
 184   5   34.200001    0.000000    0.000000
 185   1   34.200001    0.000000   -0.000000
 185   2   34.200001    0.000000   -0.000000
 185   3   34.200001    0.000000   -0.000000
 185   4   34.200001    0.000000   -0.000000
 185   5   34.200001    0.000000    0.000000
 186   1   34.200001    0.000000   -0.000000
 186   2   34.200001    0.000000   -0.000000
 186   3   34.200001    0.000000   -0.000000
 186   4   34.200001    0.000000   -0.000000
 186   5   34.200001    0.000000    0.000000
 187   1   34.200001    0.000000   -0.000000
 187   2   34.200001    0.000000   -0.000000
 187   3   34.200001    0.000000   -0.000000
 187   4   34.200001    0.000000   -0.000000
 187   5   34.200001    0.000000    0.000000
 188   1   34.200001    0.000000   -0.000000
 188   2   34.200001    0.000000   -0.000000
 188   3   34.200001    0.000000   -0.000000
 188   4   34.200001    0.000000   -0.000000
 188   5   34.200001    0.000000    0.000000
 189   1   34.200001    0.000000   -0.000000
 189   2   34.200001    0.000000   -0.000000
 189   3   34.200001    0.000000   -0.000000
 189   4   34.200001    0.000000   -0.000000
 189   5   34.200001    0.000000    0.000000
 190   1   34.200001    0.000000   -0.000000
 190   2   34.200001    0.000000   -0.000000
 190   3   34.200001    0.000000   -0.000000
 190   4   34.200001    0.000000   -0.000000
 190   5   34.200001    0.000000    0.000000
 191   1   34.200001    0.000000   -0.000000
 191   2   34.200001    0.000000   -0.000000
 191   3   34.200001    0.000000   -0.000000
 191   4   34.200001    0.000000   -0.000000
 191   5   34.200001    0.000000    0.000000
 192   1   34.200001    0.000000   -0.000000
 192   2   34.200001    0.000000   -0.000000
 192   3   34.200001    0.000000   -0.000000
 192   4   34.200001    0.000000   -0.000000
 192   5   34.200001    0.000000    0.000000
 193   1   34.200001    0.000000   -0.000000
 193   2   34.200001    0.000000   -0.000000
 193   3   34.200001    0.000000   -0.000000
 193   4   34.200001    0.000000   -0.000000
 193   5   34.200001    0.000000    0.000000
 194   1   34.200001    0.000000   -0.000000
 194   2   34.200001    0.000000   -0.000000
 194   3   34.200001    0.000000   -0.000000
 194   4   34.200001    0.000000   -0.000000
 194   5   34.200001    0.000000    0.000000
 195   1   34.200001    0.000000   -0.000000
 195   2   34.200001    0.000000   -0.000000
 195   3   34.200001    0.000000   -0.000000
 195   4   34.200001    0.000000   -0.000000
 195   5   34.200001    0.000000    0.000000
 196   1   34.200001    0.000000   -0.000000
 196   2   34.200001    0.000000   -0.000000
 196   3   34.200001    0.000000   -0.000000
 196   4   34.200001    0.000000   -0.000000
 196   5   34.200001    0.000000    0.000000
 197   1   34.200001    0.000000   -0.000000
 197   2   34.200001    0.000000   -0.000000
 197   3   34.200001    0.000000   -0.000000
 197   4   34.200001    0.000000   -0.000000
 197   5   34.200001    0.000000    0.000000
 198   1   34.200001    0.000000   -0.000000
 198   2   34.200001    0.000000   -0.000000
 198   3   34.200001    0.000000   -0.000000
 198   4   34.200001    0.000000   -0.000000
 198   5   34.200001    0.000000    0.000000
 199   1   34.200001    0.000000   -0.000000
 199   2   34.200001    0.000000   -0.000000
 199   3   34.200001    0.000000   -0.000000
 199   4   34.200001    0.000000   -0.000000
 199   5   34.200001    0.000000    0.000000
 200   1   34.200001    0.000000   -0.000000
 200   2   34.200001    0.000000   -0.000000
 200   3   34.200001    0.000000   -0.000000
 200   4   34.200001    0.000000   -0.000000
 200   5   34.200001    0.000000    0.000000
 201   1   34.200001    0.000000   -0.000000
 201   2   34.200001    0.000000   -0.000000
 201   3   34.200001    0.000000   -0.000000
 201   4   34.200001    0.000000   -0.000000
 201   5   34.200001    0.000000    0.000000
 202   1   34.200001    0.000000   -0.000000
 202   2   34.200001    0.000000   -0.000000
 202   3   34.200001    0.000000   -0.000000
 202   4   34.200001    0.000000   -0.000000
 202   5   34.200001    0.000000    0.000000
 203   1   34.200001    0.000000   -0.000000
 203   2   34.200001    0.000000   -0.000000
 203   3   34.200001    0.000000   -0.000000
 203   4   34.200001    0.000000   -0.000000
 203   5   34.200001    0.000000    0.000000
 204   1   34.200001    0.000000   -0.000000
 204   2   34.200001    0.000000   -0.000000
 204   3   34.200001    0.000000   -0.000000
 204   4   34.200001    0.000000   -0.000000
 204   5   34.200001    0.000000    0.000000
 205   1   34.200001    0.000000   -0.000000
 205   2   34.200001    0.000000   -0.000000
 205   3   34.200001    0.000000   -0.000000
 205   4   34.200001    0.000000   -0.000000
 205   5   34.200001    0.000000    0.000000
 206   1   34.200001    0.000000   -0.000000
 206   2   34.200001    0.000000   -0.000000
 206   3   34.200001    0.000000   -0.000000
 206   4   34.200001    0.000000   -0.000000
 206   5   34.200001    0.000000    0.000000
 207   1   34.200001    0.000000   -0.000000
 207   2   34.200001    0.000000   -0.000000
 207   3   34.200001    0.000000   -0.000000
 207   4   34.200001    0.000000   -0.000000
 207   5   34.200001    0.000000    0.000000
 208   1   34.200001    0.000000   -0.000000
 208   2   34.200001    0.000000   -0.000000
 208   3   34.200001    0.000000   -0.000000
 208   4   34.200001    0.000000   -0.000000
 208   5   34.200001    0.000000    0.000000
 209   1   34.200001    0.000000   -0.000000
 209   2   34.200001    0.000000   -0.000000
 209   3   34.200001    0.000000   -0.000000
 209   4   34.200001    0.000000   -0.000000
 209   5   34.200001    0.000000    0.000000
 210   1   34.200001    0.000000   -0.000000
 210   2   34.200001    0.000000   -0.000000
 210   3   34.200001    0.000000   -0.000000
 210   4   34.200001    0.000000   -0.000000
 210   5   34.200001    0.000000    0.000000
 211   1   34.200001    0.000000   -0.000000
 211   2   34.200001    0.000000   -0.000000
 211   3   34.200001    0.000000   -0.000000
 211   4   34.200001    0.000000   -0.000000
 211   5   34.200001    0.000000    0.000000
 212   1   34.200001    0.000000   -0.000000
 212   2   34.200001    0.000000   -0.000000
 212   3   34.200001    0.000000   -0.000000
 212   4   34.200001    0.000000   -0.000000
 212   5   34.200001    0.000000    0.000000
 213   1   34.200001    0.000000   -0.000000
 213   2   34.200001    0.000000   -0.000000
 213   3   34.200001    0.000000   -0.000000
 213   4   34.200001    0.000000   -0.000000
 213   5   34.200001    0.000000    0.000000
 214   1   34.200001    0.000000   -0.000000
 214   2   34.200001    0.000000   -0.000000
 214   3   34.200001    0.000000   -0.000000
 214   4   34.200001    0.000000   -0.000000
 214   5   34.200001    0.000000    0.000000
 215   1   34.200001    0.000000   -0.000000
 215   2   34.200001    0.000000   -0.000000
 215   3   34.200001    0.000000   -0.000000
 215   4   34.200001    0.000000   -0.000000
 215   5   34.200001    0.000000    0.000000
 216   1   34.200001    0.000000   -0.000000
 216   2   34.200001    0.000000   -0.000000
 216   3   34.200001    0.000000   -0.000000
 216   4   34.200001    0.000000   -0.000000
 216   5   34.200001    0.000000    0.000000
 217   1   34.200001    0.000000   -0.000000
 217   2   34.200001    0.000000   -0.000000
 217   3   34.200001    0.000000   -0.000000
 217   4   34.200001    0.000000   -0.000000
 217   5   34.200001    0.000000    0.000000
 218   1   34.200001    0.000000   -0.000000
 218   2   34.200001    0.000000   -0.000000
 218   3   34.200001    0.000000   -0.000000
 218   4   34.200001    0.000000   -0.000000
 218   5   34.200001    0.000000    0.000000
 219   1   34.200001    0.000000   -0.000000
 219   2   34.200001    0.000000   -0.000000
 219   3   34.200001    0.000000   -0.000000
 219   4   34.200001    0.000000   -0.000000
 219   5   34.200001    0.000000    0.000000
 220   1   34.200001    0.000000   -0.000000
 220   2   34.200001    0.000000   -0.000000
 220   3   34.200001    0.000000   -0.000000
 220   4   34.200001    0.000000   -0.000000
 220   5   34.200001    0.000000    0.000000
 221   1   34.200001    0.000000   -0.000000
 221   2   34.200001    0.000000   -0.000000
 221   3   34.200001    0.000000   -0.000000
 221   4   34.200001    0.000000   -0.000000
 221   5   34.200001    0.000000    0.000000
 222   1   34.200001    0.000000   -0.000000
 222   2   34.200001    0.000000   -0.000000
 222   3   34.200001    0.000000   -0.000000
 222   4   34.200001    0.000000   -0.000000
 222   5   34.200001    0.000000    0.000000
 223   1   34.200001    0.000000   -0.000000
 223   2   34.200001    0.000000   -0.000000
 223   3   34.200001    0.000000   -0.000000
 223   4   34.200001    0.000000   -0.000000
 223   5   34.200001    0.000000    0.000000
 224   1   34.200001    0.000000   -0.000000
 224   2   34.200001    0.000000   -0.000000
 224   3   34.200001    0.000000   -0.000000
 224   4   34.200001    0.000000   -0.000000
 224   5   34.200001    0.000000    0.000000
 225   1   34.200001    0.000000   -0.000000
 225   2   34.200001    0.000000   -0.000000
 225   3   34.200001    0.000000   -0.000000
 225   4   34.200001    0.000000   -0.000000
 225   5   34.200001    0.000000    0.000000
 226   1   34.200001    0.000000   -0.000000
 226   2   34.200001    0.000000   -0.000000
 226   3   34.200001    0.000000   -0.000000
 226   4   34.200001    0.000000   -0.000000
 226   5   34.200001    0.000000    0.000000
 227   1   34.200001    0.000000   -0.000000
 227   2   34.200001    0.000000   -0.000000
 227   3   34.200001    0.000000   -0.000000
 227   4   34.200001    0.000000   -0.000000
 227   5   34.200001    0.000000    0.000000
 228   1   34.200001    0.000000   -0.000000
 228   2   34.200001    0.000000   -0.000000
 228   3   34.200001    0.000000   -0.000000
 228   4   34.200001    0.000000   -0.000000
 228   5   34.200001    0.000000    0.000000
 229   1   34.200001    0.000000   -0.000000
 229   2   34.200001    0.000000   -0.000000
 229   3   34.200001    0.000000   -0.000000
 229   4   34.200001    0.000000   -0.000000
 229   5   34.200001    0.000000    0.000000
 230   1   34.200001    0.000000   -0.000000
 230   2   34.200001    0.000000   -0.000000
 230   3   34.200001    0.000000   -0.000000
 230   4   34.200001    0.000000   -0.000000
 230   5   34.200001    0.000000    0.000000
 231   1   34.200001    0.000000   -0.000000
 231   2   34.200001    0.000000   -0.000000
 231   3   34.200001    0.000000   -0.000000
 231   4   34.200001    0.000000   -0.000000
 231   5   34.200001    0.000000    0.000000
 232   1   34.200001    0.000000   -0.000000
 232   2   34.200001    0.000000   -0.000000
 232   3   34.200001    0.000000   -0.000000
 232   4   34.200001    0.000000   -0.000000
 232   5   34.200001    0.000000    0.000000
 233   1   34.200001    0.000000   -0.000000
 233   2   34.200001    0.000000   -0.000000
 233   3   34.200001    0.000000   -0.000000
 233   4   34.200001    0.000000   -0.000000
 233   5   34.200001    0.000000    0.000000
 234   1   34.200001    0.000000   -0.000000
 234   2   34.200001    0.000000   -0.000000
 234   3   34.200001    0.000000   -0.000000
 234   4   34.200001    0.000000   -0.000000
 234   5   34.200001    0.000000    0.000000
 235   1   34.200001    0.000000   -0.000000
 235   2   34.200001    0.000000   -0.000000
 235   3   34.200001    0.000000   -0.000000
 235   4   34.200001    0.000000   -0.000000
 235   5   34.200001    0.000000    0.000000
 236   1   34.200001    0.000000   -0.000000
 236   2   34.200001    0.000000   -0.000000
 236   3   34.200001    0.000000   -0.000000
 236   4   34.200001    0.000000   -0.000000
 236   5   34.200001    0.000000    0.000000
 237   1   34.200001    0.000000   -0.000000
 237   2   34.200001    0.000000   -0.000000
 237   3   34.200001    0.000000   -0.000000
 237   4   34.200001    0.000000   -0.000000
 237   5   34.200001    0.000000    0.000000
 238   1   34.200001    0.000000   -0.000000
 238   2   34.200001    0.000000   -0.000000
 238   3   34.200001    0.000000   -0.000000
 238   4   34.200001    0.000000   -0.000000
 238   5   34.200001    0.000000    0.000000
 239   1   34.200001    0.000000   -0.000000
 239   2   34.200001    0.000000   -0.000000
 239   3   34.200001    0.000000   -0.000000
 239   4   34.200001    0.000000   -0.000000
 239   5   34.200001    0.000000    0.000000
 240   1   34.200001    0.000000   -0.000000
 240   2   34.200001    0.000000   -0.000000
 240   3   34.200001    0.000000   -0.000000
 240   4   34.200001    0.000000   -0.000000
 240   5   34.200001    0.000000    0.000000
 241   1   34.200001    0.000000   -0.000000
 241   2   34.200001    0.000000   -0.000000
 241   3   34.200001    0.000000   -0.000000
 241   4   34.200001    0.000000   -0.000000
 241   5   34.200001    0.000000    0.000000
 242   1   34.200001    0.000000   -0.000000
 242   2   34.200001    0.000000   -0.000000
 242   3   34.200001    0.000000   -0.000000
 242   4   34.200001    0.000000   -0.000000
 242   5   34.200001    0.000000    0.000000
 243   1   34.200001    0.000000   -0.000000
 243   2   34.200001    0.000000   -0.000000
 243   3   34.200001    0.000000   -0.000000
 243   4   34.200001    0.000000   -0.000000
 243   5   34.200001    0.000000    0.000000
 244   1   34.200001    0.000000   -0.000000
 244   2   34.200001    0.000000   -0.000000
 244   3   34.200001    0.000000   -0.000000
 244   4   34.200001    0.000000   -0.000000
 244   5   34.200001    0.000000    0.000000
 245   1   34.200001    0.000000   -0.000000
 245   2   34.200001    0.000000   -0.000000
 245   3   34.200001    0.000000   -0.000000
 245   4   34.200001    0.000000   -0.000000
 245   5   34.200001    0.000000    0.000000
 246   1   34.200001    0.000000   -0.000000
 246   2   34.200001    0.000000   -0.000000
 246   3   34.200001    0.000000   -0.000000
 246   4   34.200001    0.000000   -0.000000
 246   5   34.200001    0.000000    0.000000
 247   1   34.200001    0.000000   -0.000000
 247   2   34.200001    0.000000   -0.000000
 247   3   34.200001    0.000000   -0.000000
 247   4   34.200001    0.000000   -0.000000
 247   5   34.200001    0.000000    0.000000
 248   1   34.200001    0.000000   -0.000000
 248   2   34.200001    0.000000   -0.000000
 248   3   34.200001    0.000000   -0.000000
 248   4   34.200001    0.000000   -0.000000
 248   5   34.200001    0.000000    0.000000
 249   1   34.200001    0.000000   -0.000000
 249   2   34.200001    0.000000   -0.000000
 249   3   34.200001    0.000000   -0.000000
 249   4   34.200001    0.000000   -0.000000
 249   5   34.200001    0.000000    0.000000
 250   1   34.200001    0.000000   -0.000000
 250   2   34.200001    0.000000   -0.000000
 250   3   34.200001    0.000000   -0.000000
 250   4   34.200001    0.000000   -0.000000
 250   5   34.200001    0.000000    0.000000
